0111[10]
11010101[10]
11011101[10]
110101[10]
01[10]
01011101[10]
111101[10]
01010101[10]
0101[10]
01111111[10]
110111[10]
01110101[10]
1111[10]
1101[10]
111111[10]
01111101[10]
11110111[10]
011101[10]
010101[10]
11[10]
010111[10]
01010111[10]
011111[10]
11010111[10]
11011111[10]
11110101[10]
1111111111[10]
0111111111[10]
0101111111[10]
0101011111[10]
0101010111[10]
0101010101[10]
1101010101[10]
1111010101[10]
1111110101[10]
1111111101[10]
01110111[10]
0111110111[10]
0111110111[10]
11111111[10]
0101110101[10]
1111011111[10]
11111101[10]
01011111[10]

011101110111[10]
111101011111[10]
111111010101[10]
010111110101[10]
011111111101[10]
1101011101[10]
110111110111[10]
011101011101[10]
011111011101[10]
1101010111[10]

01110111[10]


011101110111[10]
111101011111[10]
111111010101[10]
010111110101[10]
011111111101[10]
110101010111[10]
1101011101[10]
110111110111[10]
011101011101[10]
011111011101[10]
1101010111[10]


01110111[10]
0111011101[10]
0111010101[10]
11010101110111[10]
1101010111[10]
1101110101110101[10]
1101110111[10]
110101111111[10]
1101111101[10]
010101110111[10]
0101011101[10]
010101111111010101[10]

